1 0.16509773662551439 0.42538866026520344 0.009002057613168723 0.005715592135345244
1 0.19338991769547326 0.43167581161408325 0.0064300411522633695 0.00914494741655237
1 0.21235853909465022 0.42596021947873797 0.005787037037037053 0.01600365797896662
1 0.2721579218106996 0.42710333790580707 0.008359053497942408 0.01828989483310474
1 0.3261702674897119 0.42767489711934153 0.010931069958847732 0.017146776406035732
1 0.5708333333333333 0.4236739826245999 0.009002057613168664 0.01600365797896662
1 0.6000900205761316 0.4265317786922725 0.012217078189300424 0.017146776406035628
1 0.6341692386831275 0.4265317786922725 0.007073045267489656 0.014860539551897613
1 0.6418852880658436 0.4248171010516689 0.008359053497942408 0.01828989483310474
1 0.6724279835390946 0.4248171010516689 0.006430041152263281 0.01828989483310474
1 0.7158307613168724 0.42310242341106535 0.008359053497942408 0.014860539551897613
1 0.7412294238683126 0.42310242341106535 0.006430041152263399 0.014860539551897613
1 0.764699074074074 0.4253886602652035 0.008359053497942408 0.010288065843621377
1 0.8849408436213991 0.42310242341106535 0.008359053497942408 0.010288065843621377
1 0.9026234567901233 0.4236739826245999 0.005144032921810766 0.00914494741655237
1 0.933232164268585 0.42406741273647747 0.004496402877697866 0.009325872635225168
1 0.9557141786570742 0.423734345856648 0.005245803357314098 0.008659738875566243
1 0.927986360911271 0.423734345856648 0.0029976019184652833 0.008659738875566243
1 0.9236773081534772 0.42440047961630695 0.0033723021582732805 0.0073274713562483385
1 0.9118742505995203 0.42473354649613637 0.004496402877697866 0.006661337596589413
